<CoordinateSystem> { Z-up } 
  <Group> guy2arm {
    <Dart> { 1 }
    <Joint> pelvis1 {
      <Transform> {
        <Matrix4> {
          -0.44770103693008423 -1.1920928955078125e-07 0.8941835165023804 0.0 
          -0.8941836357116699 2.086162567138672e-07 -0.44770097732543945 0.0 
          -2.384185791015625e-07 -1.0 -1.7881393432617188e-07 0.0 
          -0.012670449912548065 0.5350201725959778 4.223524570465088 1.0 
        }
      }
      <Joint> muslod {
        <Transform> {
          <Matrix4> {
            -0.4871896505355835 -0.873296320438385 -2.7180928441339347e-07 0.0 
            -0.8732962608337402 0.4871896505355835 2.057407186839555e-07 0.0 
            -4.724988400539587e-08 3.376047459369147e-07 -1.0 0.0 
            -1.6216283427183953e-08 0.5387689471244812 2.1465496047312627e-09 1.0 
          }
        }
        <VertexRef> {
          376 377 378 379 380 381 382 383 384 385 386 387 388 389 390 391 392 393 394 395 396 397 398 399
          <Scalar> membership { 1.000000 }  <Ref> { guy2 }
        }
        <Joint> piernad {
          <Transform> {
            <Matrix4> {
              0.9990021586418152 -0.044661398977041245 -4.230824401929567e-08 0.0 
              0.04466140270233154 0.99900221824646 2.1134343164419533e-09 0.0 
              4.2171631520204755e-08 -4.00087030172358e-09 1.0 0.0 
              3.828255756843646e-08 1.4682661294937134 -6.790266127154609e-10 1.0 
            }
          }
          <VertexRef> {
            400 401 402 403 404 405 406 407 408 409 410 411 412 413 414 415 416 417 418 419 420 421 422 423
            <Scalar> membership { 1.000000 }  <Ref> { guy2 }
          }
          <Joint> pied {
            <Transform> {
              <Matrix4> {
                -1.0 -6.0871166169818025e-06 -5.449393825074367e-07 0.0 
                -1.5353996828289251e-16 0.08916681259870529 -0.9960168600082397 0.0 
                6.111460606916808e-06 -0.9960167407989502 -0.08916690200567245 0.0 
                -3.7656590734513884e-08 1.4617118835449219 1.1309850833640667e-09 1.0 
              }
            }
            <VertexRef> {
              431 432 447
              <Scalar> membership { 0.219056 }  <Ref> { guy2 }
            }
            <VertexRef> {
              427 428 446
              <Scalar> membership { 0.818832 }  <Ref> { guy2 }
            }
            <VertexRef> {
              430 433 442
              <Scalar> membership { 0.482089 }  <Ref> { guy2 }
            }
            <VertexRef> {
              424 439 445
              <Scalar> membership { 0.981180 }  <Ref> { guy2 }
            }
            <VertexRef> {
              435 436 444
              <Scalar> membership { 0.947485 }  <Ref> { guy2 }
            }
            <VertexRef> {
              434 437 441
              <Scalar> membership { 0.968963 }  <Ref> { guy2 }
            }
            <VertexRef> {
              425 438 440
              <Scalar> membership { 0.971853 }  <Ref> { guy2 }
            }
            <VertexRef> {
              426 429 443
              <Scalar> membership { 0.553596 }  <Ref> { guy2 }
            }
          }
        }
      }
    }
    <Joint> pelvis2 {
      <Transform> {
        <Matrix4> {
          0.2330901026725769 -0.8537778258323669 0.46554529666900635 0.0 
          0.8941833972930908 2.1979212760925293e-07 -0.44770097732543945 0.0 
          0.38223710656166077 0.5206375122070312 0.7634339928627014 0.0 
          0.051431041210889816 0.5350201725959778 4.221341133117676 1.0 
        }
      }
      <Joint> musloi {
        <Transform> {
          <Matrix4> {
            0.2536492645740509 0.8732960820198059 0.4159517288208008 0.0 
            -0.45467066764831543 0.4871896803379059 -0.7456008791923523 0.0 
            -0.8537778258323669 1.5687739107761445e-07 0.5206374526023865 0.0 
            2.0489096641540527e-08 0.5387688875198364 3.259629011154175e-08 1.0 
          }
        }
        <VertexRef> {
          304 305 306 307 308 309 310 311 312 313 314 315 316 317 318 319 320 321 322 323 324 325 326 327
          <Scalar> membership { 1.000000 }  <Ref> { guy2 }
        }
        <Joint> piernai {
          <Transform> {
            <Matrix4> {
              0.9990020990371704 0.044661395251750946 -5.960464477539063e-08 0.0 
              -0.044661395251750946 0.99900221824646 2.1134360927987927e-09 0.0 
              5.963955373999852e-08 5.507025946371868e-10 1.0 0.0 
              -2.0911372189402755e-08 1.468266487121582 -3.439808438088221e-10 1.0 
            }
          }
          <VertexRef> {
            328 329 330 331 332 333 334 335 336 337 338 339 340 341 342 343 344 345 346 347 348 349 350 351
            <Scalar> membership { 1.000000 }  <Ref> { guy2 }
          }
          <Joint> piei {
            <Transform> {
              <Matrix4> {
                -1.0 -6.0871166169818025e-06 -5.449393825074367e-07 0.0 
                -4.439733780945256e-17 0.08916681259870529 -0.9960168600082397 0.0 
                6.111460606916808e-06 -0.9960167407989502 -0.08916690200567245 0.0 
                -4.072752091133225e-08 1.4617116451263428 -1.645510394610028e-09 1.0 
              }
            }
            <VertexRef> {
              352 365 375
              <Scalar> membership { 0.977148 }  <Ref> { guy2 }
            }
            <VertexRef> {
              358 363 370
              <Scalar> membership { 0.481517 }  <Ref> { guy2 }
            }
            <VertexRef> {
              354 359 369
              <Scalar> membership { 0.555314 }  <Ref> { guy2 }
            }
            <VertexRef> {
              357 360 373
              <Scalar> membership { 0.192455 }  <Ref> { guy2 }
            }
            <VertexRef> {
              355 366 368
              <Scalar> membership { 0.966650 }  <Ref> { guy2 }
            }
            <VertexRef> {
              362 367 371
              <Scalar> membership { 0.974714 }  <Ref> { guy2 }
            }
            <VertexRef> {
              353 356 374
              <Scalar> membership { 0.793468 }  <Ref> { guy2 }
            }
            <VertexRef> {
              361 364 372
              <Scalar> membership { 0.953248 }  <Ref> { guy2 }
            }
          }
        }
      }
    }
    <Joint> pelvis3 {
      <Transform> {
        <Matrix4> {
          1.0 2.384185791015625e-07 0.0 0.0 
          0.0 0.0 1.0 0.0 
          2.384185791015625e-07 -1.0 0.0 0.0 
          0.00022335350513458252 0.5365567803382874 4.1016364097595215 1.0 
        }
      }
      <VertexRef> {
        280 281 282 283 284 285 286 287 288 289 290 291 292 293 294 295 296 297 298 299 300 301 302 303
        <Scalar> membership { 1.000000 }  <Ref> { guy2 }
      }
      <Joint> panza2 {
        <Transform> {
          <Matrix4> {
            1.0 0.0 2.384185791015625e-07 0.0 
            0.0 1.0 0.0 0.0 
            -2.384185791015625e-07 0.0 1.0 0.0 
            2.1181856268981392e-10 0.37165021896362305 3.402013115660907e-10 1.0 
          }
        }
        <VertexRef> {
          136 137 138 139 140 141 142 143 144 145 146 147 148 149 150 151 152 153 154 155 156 157 158 159
          <Scalar> membership { 1.000000 }  <Ref> { guy2 }
        }
        <Joint> torso1 {
          <Transform> {
            <Matrix4> {
              1.0 0.0 0.0 0.0 
              0.0 0.9999999403953552 0.0 0.0 
              0.0 0.0 1.0 0.0 
              0.0 1.1229294538497925 0.0 1.0 
            }
          }
          <VertexRef> {
            100 117 122 133
            <Scalar> membership { 0.322590 }  <Ref> { guy2 }
          }
          <VertexRef> {
            101 104 121
            <Scalar> membership { 0.087967 }  <Ref> { guy2 }
          }
          <VertexRef> {
            103 113 126 134
            <Scalar> membership { 0.839598 }  <Ref> { guy2 }
          }
          <VertexRef> {
            105 120 128
            <Scalar> membership { 0.099111 }  <Ref> { guy2 }
          }
          <VertexRef> {
            99 110 124
            <Scalar> membership { 0.245978 }  <Ref> { guy2 }
          }
          <VertexRef> {
            111 112 127 130
            <Scalar> membership { 0.850377 }  <Ref> { guy2 }
          }
          <VertexRef> {
            98 125 135
            <Scalar> membership { 0.730222 }  <Ref> { guy2 }
          }
          <VertexRef> {
            97 118 132
            <Scalar> membership { 0.105382 }  <Ref> { guy2 }
          }
          <VertexRef> {
            96 109 119
            <Scalar> membership { 0.083029 }  <Ref> { guy2 }
          }
          <VertexRef> {
            102 107 114
            <Scalar> membership { 0.248380 }  <Ref> { guy2 }
          }
          <VertexRef> {
            106 115 131
            <Scalar> membership { 0.737079 }  <Ref> { guy2 }
          }
          <VertexRef> {
            108 116 123 129
            <Scalar> membership { 0.323269 }  <Ref> { guy2 }
          }
          <Joint> cabeza {
            <Transform> {
              <Matrix4> {
                1.0 0.0 0.0 0.0 
                0.0 1.0 0.0 0.0 
                0.0 0.0 1.0 0.0 
                0.0 0.9994586706161499 0.0 1.0 
              }
            }
            <VertexRef> {
              184 185 186 187 188 189 190 191 192 193 194 195 196 197 198 199 200 201 202 203 204 205 206 207
              <Scalar> membership { 1.000000 }  <Ref> { guy2 }
            }
          }
          <Joint> torso2 {
            <Transform> {
              <Matrix4> {
                -5.960464477539063e-08 -3.0547380447387695e-07 1.0 0.0 
                0.9774551391601562 -0.2111429125070572 0.0 0.0 
                0.211142897605896 0.9774552583694458 3.1391647326017846e-07 0.0 
                0.0 0.9994586706161499 0.0 1.0 
              }
            }
            <VertexRef> {
              100 101 104 105 108 116 117 120 121 122 123 128 129 133
              <Scalar> membership { 1.000000 }  <Ref> { guy2 }
            }
            <Joint> hombroi1 {
              <Transform> {
                <Matrix4> {
                  1.0 -4.2305565273181855e-08 4.85993894017156e-07 0.0 
                  -4.923387209032626e-08 0.982393741607666 0.18682248890399933 0.0 
                  -4.85340876821283e-07 -0.18682248890399933 0.982393741607666 0.0 
                  4.379781870511579e-09 0.7460517287254333 -9.758427665929048e-08 1.0 
                }
              }
              <VertexRef> {
                72 73 74 75 76 77 78 79 80 81 82 83 84 85 86 87 88 89 90 91 92 93 94 95
                <Scalar> membership { 1.000000 }  <Ref> { guy2 }
              }
              <Joint> hombroi2 {
                <Transform> {
                  <Matrix4> {
                    2.2146862121985578e-08 0.9996921420097351 0.02481485716998577 0.0 
                    -1.7695128917694092e-07 0.024814864620566368 -0.9996923804283142 0.0 
                    -1.0000001192092896 2.246815888895526e-08 -1.676381344850597e-08 0.0 
                    -1.5362440208832595e-09 0.43779346346855164 1.5866211455772827e-08 1.0 
                  }
                }
                <Joint> bicepsi {
                  <Transform> {
                    <Matrix4> {
                      0.9997667670249939 -0.021596284583210945 -7.40878292049274e-08 0.0 
                      0.021596284583210945 0.9997668266296387 9.71445146547012e-17 0.0 
                      7.407054880559372e-08 -1.6000276659156043e-09 1.0 0.0 
                      -6.12563022528434e-09 0.3639329671859741 -4.07848532724131e-10 1.0 
                    }
                  }
                  <VertexRef> {
                    0 1 2 3 4 5 6 7 8 9 10 11 12 13 14 15 16 17 18 19 20 21 22 23
                    <Scalar> membership { 1.000000 }  <Ref> { guy2 }
                  }
                  <Joint> brazoi {
                    <Transform> {
                      <Matrix4> {
                        0.9997668266296387 0.021596286445856094 9.445807336305734e-08 0.0 
                        -0.021596288308501244 0.9997668862342834 -2.0265016331677543e-09 0.0 
                        -9.447980886534424e-08 -1.392648409787034e-11 1.0 0.0 
                        1.3267030851693562e-07 1.0214241743087769 -6.724816259406907e-10 1.0 
                      }
                    }
                    <VertexRef> {
                      24 25 26 27 28 29 30 31 32 33 34 35 36 37 38 39 40 41 42 43 44 45 46 47
                      <Scalar> membership { 1.000000 }  <Ref> { guy2 }
                    }
                    <Joint> manoi {
                      <Transform> {
                        <Matrix4> {
                          0.9987695217132568 0.04959218204021454 5.176690720531951e-08 0.0 
                          -0.04959218204021454 0.9987695813179016 5.551115123125783e-17 0.0 
                          -5.170321415448598e-08 -2.5672339809545974e-09 1.0 0.0 
                          1.9047912136471723e-09 0.8202078342437744 7.715433292254659e-10 1.0 
                        }
                      }
                      <VertexRef> {
                        48 49 50 51 52 53 54 55 56 57 58 59 60 61 62 63 64 65 66 67 68 69 70 71
                        <Scalar> membership { 1.000000 }  <Ref> { guy2 }
                      }
                    }
                  }
                }
              }
            }
          }
          <Joint> torso3 {
            <Transform> {
              <Matrix4> {
                1.043081283569336e-07 3.390014171600342e-07 -0.9999997615814209 0.0 
                -0.9774549007415771 -0.21114280819892883 0.0 0.0 
                -0.21114283800125122 0.977455198764801 3.1391647326017846e-07 0.0 
                0.0 0.9994586706161499 0.0 1.0 
              }
            }
            <VertexRef> {
              96 97 100 108 109 116 117 118 119 122 123 129 132 133
              <Scalar> membership { 1.000000 }  <Ref> { guy2 }
            }
            <Joint> hombrod1 {
              <Transform> {
                <Matrix4> {
                  1.0 3.532844772280441e-08 -4.986968633602373e-07 0.0 
                  5.8461289142996975e-08 0.9823938012123108 0.18682239949703217 0.0 
                  4.965168045600876e-07 -0.18682238459587097 0.9823936820030212 0.0 
                  -3.533067172156734e-09 0.7460518479347229 1.259814155218919e-07 1.0 
                }
              }
              <VertexRef> {
                160 161 162 163 164 165 166 167 168 169 170 171 172 173 174 175 176 177 178 179 180 181 182 183
                <Scalar> membership { 1.000000 }  <Ref> { guy2 }
              }
              <Joint> hombrod2 {
                <Transform> {
                  <Matrix4> {
                    1.1248343589898013e-08 -0.9996921420097351 -0.024814872071146965 0.0 
                    1.8812717428318138e-07 0.024814879521727562 -0.9996923804283142 0.0 
                    1.0000001192092896 1.1583358272559963e-08 -1.6763806343078613e-08 0.0 
                    -1.492979073702827e-10 0.4377933740615845 9.36170891918664e-08 1.0 
                  }
                }
                <Joint> bicepsd {
                  <Transform> {
                    <Matrix4> {
                      0.9997668266296387 0.021596284583210945 2.5784754598134896e-07 0.0 
                      -0.021596286445856094 0.9997668266296387 -4.440892098500626e-16 0.0 
                      -2.577874056441942e-07 -5.568551397772126e-09 1.0 0.0 
                      -1.7309169209056563e-08 0.36393308639526367 5.668890357135581e-10 1.0 
                    }
                  }
                  <VertexRef> {
                    208 209 210 211 212 213 214 215 216 217 218 219 220 221 222 223 224 225 226 227 228 229 230 231
                    <Scalar> membership { 1.000000 }  <Ref> { guy2 }
                  }
                  <Joint> brazod {
                    <Transform> {
                      <Matrix4> {
                        0.9997667670249939 -0.021596286445856094 -9.38786541837544e-08 0.0 
                        0.021596286445856094 0.9997668266296387 -2.0265018552123593e-09 0.0 
                        9.390054600544318e-08 -1.4210854715202004e-12 1.0 0.0 
                        1.2616018452149547e-08 1.0214239358901978 4.1147818485853804e-10 1.0 
                      }
                    }
                    <VertexRef> {
                      232 233 234 235 236 237 238 239 240 241 242 243 244 245 246 247 248 249 250 251 252 253 254 255
                      <Scalar> membership { 1.000000 }  <Ref> { guy2 }
                    }
                    <Joint> manod {
                      <Transform> {
                        <Matrix4> {
                          0.9987695813179016 -0.04959218204021454 -5.0436714360557744e-08 0.0 
                          0.04959218576550484 0.9987695813179016 4.440892098500626e-16 0.0 
                          5.03746484525891e-08 -2.501280960132135e-09 1.0 0.0 
                          -2.412734012580131e-08 0.8202077746391296 1.6214258824476246e-09 1.0 
                        }
                      }
                      <VertexRef> {
                        256 257 258 259 260 261 262 263 264 265 266 267 268 269 270 271 272 273 274 275 276 277 278 279
                        <Scalar> membership { 1.000000 }  <Ref> { guy2 }
                      }
                    }
                  }
                }
              }
            }
          }
        }
      }
    }
    <Group> guy2 {
      <Transform> {
        <Matrix4> {
          1.0 0.0 0.0 0.0 
          0.0 1.0 0.0 0.0 
          0.0 0.0 1.0 0.0 
          -0.006608825642615557 -0.05484703183174133 -0.2895236015319824 1.0 
        }
      }
      
      <VertexPool> guy2 {
      
        <Vertex> 0 {1.372223 0.414860 5.994145
        }
        <Vertex> 1 {1.372223 0.414860 5.116908
        }
        <Vertex> 2 {1.372223 0.787260 5.116908
        }
        <Vertex> 3 {1.372223 0.787260 5.994145
        }
        <Vertex> 4 {1.372223 0.787260 5.994145
        }
        <Vertex> 5 {1.372223 0.787260 5.116908
        }
        <Vertex> 6 {0.999822 0.787260 5.116908
        }
        <Vertex> 7 {0.999822 0.787260 5.994145
        }
        <Vertex> 8 {0.999822 0.787260 5.994145
        }
        <Vertex> 9 {0.999822 0.787260 5.116908
        }
        <Vertex> 10 {0.999822 0.414860 5.116908
        }
        <Vertex> 11 {0.999822 0.414860 5.994145
        }
        <Vertex> 12 {0.999822 0.414860 5.994145
        }
        <Vertex> 13 {0.999822 0.414860 5.116908
        }
        <Vertex> 14 {1.372223 0.414860 5.116908
        }
        <Vertex> 15 {1.372223 0.414860 5.994145
        }
        <Vertex> 16 {1.372223 0.414860 5.116908
        }
        <Vertex> 17 {0.999822 0.414860 5.116908
        }
        <Vertex> 18 {0.999822 0.787260 5.116908
        }
        <Vertex> 19 {1.372223 0.787260 5.116908
        }
        <Vertex> 20 {0.999822 0.414860 5.994145
        }
        <Vertex> 21 {1.372223 0.414860 5.994145
        }
        <Vertex> 22 {1.372223 0.787260 5.994145
        }
        <Vertex> 23 {0.999822 0.787260 5.994145
        }
        <Vertex> 24 {1.364142 0.439559 4.951291
        }
        <Vertex> 25 {1.364142 0.439559 4.301394
        }
        <Vertex> 26 {1.364142 0.766082 4.301394
        }
        <Vertex> 27 {1.364142 0.766082 4.951291
        }
        <Vertex> 28 {1.364142 0.766082 4.951291
        }
        <Vertex> 29 {1.364142 0.766082 4.301394
        }
        <Vertex> 30 {1.010700 0.766082 4.301394
        }
        <Vertex> 31 {1.010700 0.766082 4.951291
        }
        <Vertex> 32 {1.010700 0.766082 4.951291
        }
        <Vertex> 33 {1.010700 0.766082 4.301394
        }
        <Vertex> 34 {1.010700 0.439559 4.301394
        }
        <Vertex> 35 {1.010700 0.439559 4.951291
        }
        <Vertex> 36 {1.010700 0.439559 4.951291
        }
        <Vertex> 37 {1.010700 0.439559 4.301394
        }
        <Vertex> 38 {1.364142 0.439559 4.301394
        }
        <Vertex> 39 {1.364142 0.439559 4.951291
        }
        <Vertex> 40 {1.364142 0.439559 4.301394
        }
        <Vertex> 41 {1.010700 0.439559 4.301394
        }
        <Vertex> 42 {1.010700 0.766082 4.301394
        }
        <Vertex> 43 {1.364142 0.766082 4.301394
        }
        <Vertex> 44 {1.010700 0.439559 4.951291
        }
        <Vertex> 45 {1.364142 0.439559 4.951291
        }
        <Vertex> 46 {1.364142 0.766082 4.951291
        }
        <Vertex> 47 {1.010700 0.766082 4.951291
        }
        <Vertex> 48 {1.396181 0.362779 4.143364
        }
        <Vertex> 49 {1.396181 0.362779 3.706109
        }
        <Vertex> 50 {1.396181 0.836660 3.706109
        }
        <Vertex> 51 {1.396181 0.836660 4.143364
        }
        <Vertex> 52 {1.396181 0.836660 4.143364
        }
        <Vertex> 53 {1.396181 0.836660 3.706109
        }
        <Vertex> 54 {0.958925 0.836660 3.706109
        }
        <Vertex> 55 {0.958925 0.836660 4.143364
        }
        <Vertex> 56 {0.958925 0.836660 4.143364
        }
        <Vertex> 57 {0.958925 0.836660 3.706109
        }
        <Vertex> 58 {0.958925 0.362779 3.706109
        }
        <Vertex> 59 {0.958925 0.362779 4.143364
        }
        <Vertex> 60 {0.958925 0.362779 4.143364
        }
        <Vertex> 61 {0.958925 0.362779 3.706109
        }
        <Vertex> 62 {1.396181 0.362779 3.706109
        }
        <Vertex> 63 {1.396181 0.362779 4.143364
        }
        <Vertex> 64 {1.396181 0.362779 3.706109
        }
        <Vertex> 65 {0.958925 0.362779 3.706109
        }
        <Vertex> 66 {0.958925 0.836660 3.706109
        }
        <Vertex> 67 {1.396181 0.836660 3.706109
        }
        <Vertex> 68 {0.958925 0.362779 4.143364
        }
        <Vertex> 69 {1.396181 0.362779 4.143364
        }
        <Vertex> 70 {1.396181 0.836660 4.143364
        }
        <Vertex> 71 {0.958925 0.836660 4.143364
        }
        <Vertex> 72 {1.532597 0.253861 6.838737
        }
        <Vertex> 73 {1.532597 0.253861 6.144339
        }
        <Vertex> 74 {1.532597 0.948259 6.144339
        }
        <Vertex> 75 {1.532597 0.948259 6.838737
        }
        <Vertex> 76 {1.532597 0.948259 6.838737
        }
        <Vertex> 77 {1.532597 0.948259 6.144339
        }
        <Vertex> 78 {0.838198 0.948259 6.144339
        }
        <Vertex> 79 {0.838198 0.948259 6.838737
        }
        <Vertex> 80 {0.838198 0.948259 6.838737
        }
        <Vertex> 81 {0.838198 0.948259 6.144339
        }
        <Vertex> 82 {0.838198 0.253861 6.144339
        }
        <Vertex> 83 {0.838198 0.253861 6.838737
        }
        <Vertex> 84 {0.838198 0.253861 6.838737
        }
        <Vertex> 85 {0.838198 0.253861 6.144339
        }
        <Vertex> 86 {1.532597 0.253861 6.144339
        }
        <Vertex> 87 {1.532597 0.253861 6.838737
        }
        <Vertex> 88 {1.532597 0.253861 6.144339
        }
        <Vertex> 89 {0.838198 0.253861 6.144339
        }
        <Vertex> 90 {0.838198 0.948259 6.144339
        }
        <Vertex> 91 {1.532597 0.948259 6.144339
        }
        <Vertex> 92 {0.838198 0.253861 6.838737
        }
        <Vertex> 93 {1.532597 0.253861 6.838737
        }
        <Vertex> 94 {1.532597 0.948259 6.838737
        }
        <Vertex> 95 {0.838198 0.948259 6.838737
        }
        <Vertex> 96 {-0.659068 -0.035202 6.628426
        }
        <Vertex> 97 {-0.659068 0.868203 6.628426
        }
        <Vertex> 98 {-0.659068 0.868203 5.669346
        }
        <Vertex> 99 {-0.659068 -0.035202 5.669346
        }
        <Vertex> 100 {0.000000 0.868203 6.628426
        }
        <Vertex> 101 {0.659069 0.868203 6.628425
        }
        <Vertex> 102 {0.659069 0.868203 5.669346
        }
        <Vertex> 103 {0.000000 0.868203 5.669346
        }
        <Vertex> 104 {0.659069 0.868203 6.628425
        }
        <Vertex> 105 {0.659069 -0.035203 6.628425
        }
        <Vertex> 106 {0.659069 -0.035203 5.669346
        }
        <Vertex> 107 {0.659069 0.868203 5.669346
        }
        <Vertex> 108 {0.000000 -0.035202 6.628426
        }
        <Vertex> 109 {-0.659068 -0.035202 6.628426
        }
        <Vertex> 110 {-0.659068 -0.035202 5.669346
        }
        <Vertex> 111 {0.000000 -0.035202 5.669346
        }
        <Vertex> 112 {0.000000 -0.035202 5.669346
        }
        <Vertex> 113 {0.000000 0.868203 5.669346
        }
        <Vertex> 114 {0.659069 0.868203 5.669346
        }
        <Vertex> 115 {0.659069 -0.035203 5.669346
        }
        <Vertex> 116 {0.000000 -0.035202 6.628426
        }
        <Vertex> 117 {0.000000 0.868203 6.628426
        }
        <Vertex> 118 {-0.659068 0.868203 6.628426
        }
        <Vertex> 119 {-0.659068 -0.035202 6.628426
        }
        <Vertex> 120 {0.659069 -0.035203 6.628425
        }
        <Vertex> 121 {0.659069 0.868203 6.628425
        }
        <Vertex> 122 {0.000000 0.868203 6.628426
        }
        <Vertex> 123 {0.000000 -0.035202 6.628426
        }
        <Vertex> 124 {-0.659068 -0.035202 5.669346
        }
        <Vertex> 125 {-0.659068 0.868203 5.669346
        }
        <Vertex> 126 {0.000000 0.868203 5.669346
        }
        <Vertex> 127 {0.000000 -0.035202 5.669346
        }
        <Vertex> 128 {0.659069 -0.035203 6.628425
        }
        <Vertex> 129 {0.000000 -0.035202 6.628426
        }
        <Vertex> 130 {0.000000 -0.035202 5.669346
        }
        <Vertex> 131 {0.659069 -0.035203 5.669346
        }
        <Vertex> 132 {-0.659068 0.868203 6.628426
        }
        <Vertex> 133 {0.000000 0.868203 6.628426
        }
        <Vertex> 134 {0.000000 0.868203 5.669346
        }
        <Vertex> 135 {-0.659068 0.868203 5.669346
        }
        <Vertex> 136 {-0.452022 0.053923 5.520192
        }
        <Vertex> 137 {-0.452022 0.656294 5.520192
        }
        <Vertex> 138 {-0.452022 0.656294 4.554858
        }
        <Vertex> 139 {-0.452022 0.053923 4.554858
        }
        <Vertex> 140 {-0.452022 0.656294 5.520192
        }
        <Vertex> 141 {0.452022 0.656294 5.520192
        }
        <Vertex> 142 {0.452022 0.656294 4.554858
        }
        <Vertex> 143 {-0.452022 0.656294 4.554858
        }
        <Vertex> 144 {0.452022 0.656294 5.520192
        }
        <Vertex> 145 {0.452022 0.053923 5.520192
        }
        <Vertex> 146 {0.452022 0.053923 4.554858
        }
        <Vertex> 147 {0.452022 0.656294 4.554858
        }
        <Vertex> 148 {0.452022 0.053923 5.520192
        }
        <Vertex> 149 {-0.452022 0.053923 5.520192
        }
        <Vertex> 150 {-0.452022 0.053923 4.554858
        }
        <Vertex> 151 {0.452022 0.053923 4.554858
        }
        <Vertex> 152 {-0.452022 0.053923 4.554858
        }
        <Vertex> 153 {-0.452022 0.656294 4.554858
        }
        <Vertex> 154 {0.452022 0.656294 4.554858
        }
        <Vertex> 155 {0.452022 0.053923 4.554858
        }
        <Vertex> 156 {0.452022 0.053923 5.520192
        }
        <Vertex> 157 {0.452022 0.656294 5.520192
        }
        <Vertex> 158 {-0.452022 0.656294 5.520192
        }
        <Vertex> 159 {-0.452022 0.053923 5.520192
        }
        <Vertex> 160 {-1.532596 0.253861 6.838737
        }
        <Vertex> 161 {-1.532596 0.948260 6.838737
        }
        <Vertex> 162 {-1.532596 0.948260 6.144339
        }
        <Vertex> 163 {-1.532596 0.253861 6.144339
        }
        <Vertex> 164 {-1.532596 0.948260 6.838737
        }
        <Vertex> 165 {-0.838198 0.948260 6.838737
        }
        <Vertex> 166 {-0.838198 0.948260 6.144339
        }
        <Vertex> 167 {-1.532596 0.948260 6.144339
        }
        <Vertex> 168 {-0.838198 0.948260 6.838737
        }
        <Vertex> 169 {-0.838198 0.253861 6.838737
        }
        <Vertex> 170 {-0.838198 0.253861 6.144339
        }
        <Vertex> 171 {-0.838198 0.948260 6.144339
        }
        <Vertex> 172 {-0.838198 0.253861 6.838737
        }
        <Vertex> 173 {-1.532596 0.253861 6.838737
        }
        <Vertex> 174 {-1.532596 0.253861 6.144339
        }
        <Vertex> 175 {-0.838198 0.253861 6.144339
        }
        <Vertex> 176 {-1.532596 0.253861 6.144339
        }
        <Vertex> 177 {-1.532596 0.948260 6.144339
        }
        <Vertex> 178 {-0.838198 0.948260 6.144339
        }
        <Vertex> 179 {-0.838198 0.253861 6.144339
        }
        <Vertex> 180 {-0.838198 0.253861 6.838737
        }
        <Vertex> 181 {-0.838198 0.948260 6.838737
        }
        <Vertex> 182 {-1.532596 0.948260 6.838737
        }
        <Vertex> 183 {-1.532596 0.253861 6.838737
        }
        <Vertex> 184 {-0.334545 -0.031526 7.474642
        }
        <Vertex> 185 {-0.334545 0.757727 7.474642
        }
        <Vertex> 186 {-0.334545 0.757727 6.805552
        }
        <Vertex> 187 {-0.334545 0.088638 6.805552
        }
        <Vertex> 188 {-0.334545 0.757727 7.474642
        }
        <Vertex> 189 {0.334545 0.757727 7.474642
        }
        <Vertex> 190 {0.334545 0.757727 6.805552
        }
        <Vertex> 191 {-0.334545 0.757727 6.805552
        }
        <Vertex> 192 {0.334545 0.757727 7.474642
        }
        <Vertex> 193 {0.334545 -0.031526 7.474642
        }
        <Vertex> 194 {0.334545 0.088638 6.805552
        }
        <Vertex> 195 {0.334545 0.757727 6.805552
        }
        <Vertex> 196 {0.334545 -0.031526 7.474642
        }
        <Vertex> 197 {-0.334545 -0.031526 7.474642
        }
        <Vertex> 198 {-0.334545 0.088638 6.805552
        }
        <Vertex> 199 {0.334545 0.088638 6.805552
        }
        <Vertex> 200 {-0.334545 0.088638 6.805552
        }
        <Vertex> 201 {-0.334545 0.757727 6.805552
        }
        <Vertex> 202 {0.334545 0.757727 6.805552
        }
        <Vertex> 203 {0.334545 0.088638 6.805552
        }
        <Vertex> 204 {0.334545 -0.031526 7.474642
        }
        <Vertex> 205 {0.334545 0.757727 7.474642
        }
        <Vertex> 206 {-0.334545 0.757727 7.474642
        }
        <Vertex> 207 {-0.334545 -0.031526 7.474642
        }
        <Vertex> 208 {-1.372223 0.414860 5.994146
        }
        <Vertex> 209 {-1.372223 0.787261 5.994146
        }
        <Vertex> 210 {-1.372223 0.787261 5.116909
        }
        <Vertex> 211 {-1.372223 0.414860 5.116909
        }
        <Vertex> 212 {-1.372223 0.787261 5.994146
        }
        <Vertex> 213 {-0.999822 0.787260 5.994145
        }
        <Vertex> 214 {-0.999822 0.787260 5.116909
        }
        <Vertex> 215 {-1.372223 0.787261 5.116909
        }
        <Vertex> 216 {-0.999822 0.787260 5.994145
        }
        <Vertex> 217 {-0.999822 0.414860 5.994145
        }
        <Vertex> 218 {-0.999822 0.414860 5.116909
        }
        <Vertex> 219 {-0.999822 0.787260 5.116909
        }
        <Vertex> 220 {-0.999822 0.414860 5.994145
        }
        <Vertex> 221 {-1.372223 0.414860 5.994146
        }
        <Vertex> 222 {-1.372223 0.414860 5.116909
        }
        <Vertex> 223 {-0.999822 0.414860 5.116909
        }
        <Vertex> 224 {-1.372223 0.414860 5.116909
        }
        <Vertex> 225 {-1.372223 0.787261 5.116909
        }
        <Vertex> 226 {-0.999822 0.787260 5.116909
        }
        <Vertex> 227 {-0.999822 0.414860 5.116909
        }
        <Vertex> 228 {-0.999822 0.414860 5.994145
        }
        <Vertex> 229 {-0.999822 0.787260 5.994145
        }
        <Vertex> 230 {-1.372223 0.787261 5.994146
        }
        <Vertex> 231 {-1.372223 0.414860 5.994146
        }
        <Vertex> 232 {-1.364142 0.439559 4.951292
        }
        <Vertex> 233 {-1.364142 0.766082 4.951292
        }
        <Vertex> 234 {-1.364142 0.766082 4.301395
        }
        <Vertex> 235 {-1.364142 0.439559 4.301395
        }
        <Vertex> 236 {-1.364142 0.766082 4.951292
        }
        <Vertex> 237 {-1.010700 0.766082 4.951292
        }
        <Vertex> 238 {-1.010700 0.766082 4.301395
        }
        <Vertex> 239 {-1.364142 0.766082 4.301395
        }
        <Vertex> 240 {-1.010700 0.766082 4.951292
        }
        <Vertex> 241 {-1.010700 0.439559 4.951292
        }
        <Vertex> 242 {-1.010700 0.439559 4.301395
        }
        <Vertex> 243 {-1.010700 0.766082 4.301395
        }
        <Vertex> 244 {-1.010700 0.439559 4.951292
        }
        <Vertex> 245 {-1.364142 0.439559 4.951292
        }
        <Vertex> 246 {-1.364142 0.439559 4.301395
        }
        <Vertex> 247 {-1.010700 0.439559 4.301395
        }
        <Vertex> 248 {-1.364142 0.439559 4.301395
        }
        <Vertex> 249 {-1.364142 0.766082 4.301395
        }
        <Vertex> 250 {-1.010700 0.766082 4.301395
        }
        <Vertex> 251 {-1.010700 0.439559 4.301395
        }
        <Vertex> 252 {-1.010700 0.439559 4.951292
        }
        <Vertex> 253 {-1.010700 0.766082 4.951292
        }
        <Vertex> 254 {-1.364142 0.766082 4.951292
        }
        <Vertex> 255 {-1.364142 0.439559 4.951292
        }
        <Vertex> 256 {-1.396181 0.362779 4.143364
        }
        <Vertex> 257 {-1.396181 0.836660 4.143364
        }
        <Vertex> 258 {-1.396181 0.836660 3.706109
        }
        <Vertex> 259 {-1.396181 0.362779 3.706109
        }
        <Vertex> 260 {-1.396181 0.836660 4.143364
        }
        <Vertex> 261 {-0.958925 0.836660 4.143364
        }
        <Vertex> 262 {-0.958925 0.836660 3.706109
        }
        <Vertex> 263 {-1.396181 0.836660 3.706109
        }
        <Vertex> 264 {-0.958925 0.836660 4.143364
        }
        <Vertex> 265 {-0.958925 0.362779 4.143364
        }
        <Vertex> 266 {-0.958925 0.362779 3.706109
        }
        <Vertex> 267 {-0.958925 0.836660 3.706109
        }
        <Vertex> 268 {-0.958925 0.362779 4.143364
        }
        <Vertex> 269 {-1.396181 0.362779 4.143364
        }
        <Vertex> 270 {-1.396181 0.362779 3.706109
        }
        <Vertex> 271 {-0.958925 0.362779 3.706109
        }
        <Vertex> 272 {-1.396181 0.362779 3.706109
        }
        <Vertex> 273 {-1.396181 0.836660 3.706109
        }
        <Vertex> 274 {-0.958925 0.836660 3.706109
        }
        <Vertex> 275 {-0.958925 0.362779 3.706109
        }
        <Vertex> 276 {-0.958925 0.362779 4.143364
        }
        <Vertex> 277 {-0.958925 0.836660 4.143364
        }
        <Vertex> 278 {-1.396181 0.836660 4.143364
        }
        <Vertex> 279 {-1.396181 0.362779 4.143364
        }
        <Vertex> 280 {-0.651046 0.054231 4.066216
        }
        <Vertex> 281 {-0.651046 0.054231 4.385040
        }
        <Vertex> 282 {-0.651046 0.670956 4.385040
        }
        <Vertex> 283 {-0.651046 0.670956 4.066216
        }
        <Vertex> 284 {-0.651046 0.670956 4.066216
        }
        <Vertex> 285 {-0.651046 0.670956 4.385040
        }
        <Vertex> 286 {0.651047 0.670956 4.385040
        }
        <Vertex> 287 {0.651047 0.670956 4.066216
        }
        <Vertex> 288 {0.651047 0.670956 4.066216
        }
        <Vertex> 289 {0.651047 0.670956 4.385040
        }
        <Vertex> 290 {0.651047 0.054231 4.385040
        }
        <Vertex> 291 {0.651047 0.054231 4.066216
        }
        <Vertex> 292 {0.651047 0.054231 4.066216
        }
        <Vertex> 293 {0.651047 0.054231 4.385040
        }
        <Vertex> 294 {-0.651046 0.054231 4.385040
        }
        <Vertex> 295 {-0.651046 0.054231 4.066216
        }
        <Vertex> 296 {-0.651046 0.054231 4.385040
        }
        <Vertex> 297 {0.651047 0.054231 4.385040
        }
        <Vertex> 298 {0.651047 0.670956 4.385040
        }
        <Vertex> 299 {-0.651046 0.670956 4.385040
        }
        <Vertex> 300 {0.651047 0.054231 4.066216
        }
        <Vertex> 301 {-0.651046 0.054231 4.066216
        }
        <Vertex> 302 {-0.651046 0.670956 4.066216
        }
        <Vertex> 303 {0.651047 0.670956 4.066216
        }
        <Vertex> 304 {0.805571 0.131105 3.818030
        }
        <Vertex> 305 {0.805571 0.131105 2.587828
        }
        <Vertex> 306 {0.805571 0.629858 2.587828
        }
        <Vertex> 307 {0.805571 0.629858 3.818030
        }
        <Vertex> 308 {0.805571 0.629858 3.818030
        }
        <Vertex> 309 {0.805571 0.629858 2.587828
        }
        <Vertex> 310 {0.306819 0.629858 2.587828
        }
        <Vertex> 311 {0.306819 0.629858 3.818030
        }
        <Vertex> 312 {0.306819 0.629858 3.818030
        }
        <Vertex> 313 {0.306819 0.629858 2.587828
        }
        <Vertex> 314 {0.306819 0.131105 2.587828
        }
        <Vertex> 315 {0.306819 0.131105 3.818030
        }
        <Vertex> 316 {0.306819 0.131105 3.818030
        }
        <Vertex> 317 {0.306819 0.131105 2.587828
        }
        <Vertex> 318 {0.805571 0.131105 2.587828
        }
        <Vertex> 319 {0.805571 0.131105 3.818030
        }
        <Vertex> 320 {0.805571 0.131105 2.587828
        }
        <Vertex> 321 {0.306819 0.131105 2.587828
        }
        <Vertex> 322 {0.306819 0.629858 2.587828
        }
        <Vertex> 323 {0.805571 0.629858 2.587828
        }
        <Vertex> 324 {0.306819 0.131105 3.818030
        }
        <Vertex> 325 {0.805571 0.131105 3.818030
        }
        <Vertex> 326 {0.805571 0.629858 3.818030
        }
        <Vertex> 327 {0.306819 0.629858 3.818030
        }
        <Vertex> 328 {0.767817 0.164758 2.406969
        }
        <Vertex> 329 {0.767817 0.164758 1.342782
        }
        <Vertex> 330 {0.767817 0.579117 1.342782
        }
        <Vertex> 331 {0.767817 0.579117 2.406969
        }
        <Vertex> 332 {0.767817 0.579117 2.406969
        }
        <Vertex> 333 {0.767817 0.579117 1.342782
        }
        <Vertex> 334 {0.353459 0.579117 1.342782
        }
        <Vertex> 335 {0.353459 0.579117 2.406969
        }
        <Vertex> 336 {0.353459 0.579117 2.406969
        }
        <Vertex> 337 {0.353459 0.579117 1.342782
        }
        <Vertex> 338 {0.353459 0.164758 1.342782
        }
        <Vertex> 339 {0.353459 0.164758 2.406969
        }
        <Vertex> 340 {0.353459 0.164758 2.406969
        }
        <Vertex> 341 {0.353459 0.164758 1.342782
        }
        <Vertex> 342 {0.767817 0.164758 1.342782
        }
        <Vertex> 343 {0.767817 0.164758 2.406969
        }
        <Vertex> 344 {0.767817 0.164758 1.342782
        }
        <Vertex> 345 {0.353459 0.164758 1.342782
        }
        <Vertex> 346 {0.353459 0.579117 1.342782
        }
        <Vertex> 347 {0.767817 0.579117 1.342782
        }
        <Vertex> 348 {0.353459 0.164758 2.406969
        }
        <Vertex> 349 {0.767817 0.164758 2.406969
        }
        <Vertex> 350 {0.767817 0.579117 2.406969
        }
        <Vertex> 351 {0.353459 0.579117 2.406969
        }
        <Vertex> 352 {0.303263 -0.227562 1.206727
        }
        <Vertex> 353 {0.303263 0.603276 1.206727
        }
        <Vertex> 354 {0.303263 0.603276 0.871063
        }
        <Vertex> 355 {0.303263 -0.227562 0.871063
        }
        <Vertex> 356 {0.303263 0.603276 1.206727
        }
        <Vertex> 357 {0.827821 0.603276 1.206727
        }
        <Vertex> 358 {0.827821 0.603276 0.871063
        }
        <Vertex> 359 {0.303263 0.603276 0.871063
        }
        <Vertex> 360 {0.827821 0.603276 1.206727
        }
        <Vertex> 361 {0.827821 -0.227562 1.206727
        }
        <Vertex> 362 {0.827821 -0.227562 0.871063
        }
        <Vertex> 363 {0.827821 0.603276 0.871063
        }
        <Vertex> 364 {0.827821 -0.227562 1.206727
        }
        <Vertex> 365 {0.303263 -0.227562 1.206727
        }
        <Vertex> 366 {0.303263 -0.227562 0.871063
        }
        <Vertex> 367 {0.827821 -0.227562 0.871063
        }
        <Vertex> 368 {0.303263 -0.227562 0.871063
        }
        <Vertex> 369 {0.303263 0.603276 0.871063
        }
        <Vertex> 370 {0.827821 0.603276 0.871063
        }
        <Vertex> 371 {0.827821 -0.227562 0.871063
        }
        <Vertex> 372 {0.827821 -0.227562 1.206727
        }
        <Vertex> 373 {0.827821 0.603276 1.206727
        }
        <Vertex> 374 {0.303263 0.603276 1.206727
        }
        <Vertex> 375 {0.303263 -0.227562 1.206727
        }
